 1  9999   301      100       5142010   5142010   1                            1
 9.00000000e+00 9.00000000e+00 0.00000000e+00 1.00000000e+00 2.00000000e+0011111
 3.00000000e+00 4.00000000e+00 5.00000000e+00 6.00000000e+00 7.00000000e+0011111
 8.00000000e+00 0.00000000e+00 1.00000000e+00 2.00000000e+00 3.00000000e+0011111
 4.00000000e+00 5.00000000e+00 6.00000000e+00 7.00000000e+00 8.00000000e+0011111
 0.00000000e+00 0.00000000e+00 0.00000000e+00 0.00000000e+00 0.00000000e+0011111
 0.00000000e+00 0.00000000e+00 0.00000000e+00 0.00000000e+00 1.00000000e+0011111
 1.00000000e+00 1.00000000e+00 1.00000000e+00 1.00000000e+00 1.00000000e+0011111
 1.00000000e+00 1.00000000e+00 1.00000000e+00 2.00000000e+00 2.00000000e+0011111
 2.00000000e+00 2.00000000e+00 2.00000000e+00 2.00000000e+00 2.00000000e+0011111
 2.00000000e+00 2.00000000e+00 3.00000000e+00 3.00000000e+00 3.00000000e+0011111
 3.00000000e+00 3.00000000e+00 3.00000000e+00 3.00000000e+00 3.00000000e+0011111
 3.00000000e+00 4.00000000e+00 4.00000000e+00 4.00000000e+00 4.00000000e+0011111
 4.00000000e+00 4.00000000e+00 4.00000000e+00 4.00000000e+00 4.00000000e+0011111
 5.00000000e+00 5.00000000e+00 5.00000000e+00 5.00000000e+00 5.00000000e+0011111
 5.00000000e+00 5.00000000e+00 5.00000000e+00 5.00000000e+00 6.00000000e+0011111
 6.00000000e+00 6.00000000e+00 6.00000000e+00 6.00000000e+00 6.00000000e+0011111
 6.00000000e+00 6.00000000e+00 6.00000000e+00 7.00000000e+00 7.00000000e+0011111
 7.00000000e+00 7.00000000e+00 7.00000000e+00 7.00000000e+00 7.00000000e+0011111
 7.00000000e+00 7.00000000e+00 8.00000000e+00 8.00000000e+00 8.00000000e+0011111
 8.00000000e+00 8.00000000e+00 8.00000000e+00 8.00000000e+00 8.00000000e+0011111
 8.00000000e+00 0.00000000e+00 1.00000000e+00 2.00000000e+00 3.00000000e+0011111
 4.00000000e+00 5.00000000e+00 6.00000000e+00 7.00000000e+00 8.00000000e+0011111
 0.00000000e+00 1.00000000e+00 2.00000000e+00 3.00000000e+00 4.00000000e+0011111
 5.00000000e+00 6.00000000e+00 7.00000000e+00 8.00000000e+00 0.00000000e+0011111
 1.00000000e+00 2.00000000e+00 3.00000000e+00 4.00000000e+00 5.00000000e+0011111
 6.00000000e+00 7.00000000e+00 8.00000000e+00 0.00000000e+00 1.00000000e+0011111
 2.00000000e+00 3.00000000e+00 4.00000000e+00 5.00000000e+00 6.00000000e+0011111
 7.00000000e+00 8.00000000e+00 0.00000000e+00 1.00000000e+00 2.00000000e+0011111
 3.00000000e+00 4.00000000e+00 5.00000000e+00 6.00000000e+00 7.00000000e+0011111
 8.00000000e+00 0.00000000e+00 1.00000000e+00 2.00000000e+00 3.00000000e+0011111
 4.00000000e+00 5.00000000e+00 6.00000000e+00 7.00000000e+00 8.00000000e+0011111
 0.00000000e+00 1.00000000e+00 2.00000000e+00 3.00000000e+00 4.00000000e+0011111
 5.00000000e+00 6.00000000e+00 7.00000000e+00 8.00000000e+00 0.00000000e+0011111
 1.00000000e+00 2.00000000e+00 3.00000000e+00 4.00000000e+00 5.00000000e+0011111
 6.00000000e+00 7.00000000e+00 8.00000000e+00 0.00000000e+00 1.00000000e+0011111
 2.00000000e+00 3.00000000e+00 4.00000000e+00 5.00000000e+00 6.00000000e+0011111
 7.00000000e+00 8.00000000e+00 0.00000000e+00 1.00000000e+00 2.00000000e+0011111
 3.00000000e+00 4.00000000e+00 5.00000000e+00 6.00000000e+00 7.00000000e+0011111
 8.00000000e+00 1.00000000e+00 2.00000000e+00 3.00000000e+00 4.00000000e+0011111
 5.00000000e+00 6.00000000e+00 7.00000000e+00 8.00000000e+00 9.00000000e+0011111
 2.00000000e+00 3.00000000e+00 4.00000000e+00 5.00000000e+00 6.00000000e+0011111
 7.00000000e+00 8.00000000e+00 9.00000000e+00 1.00000000e+01 3.00000000e+0011111
 4.00000000e+00 5.00000000e+00 6.00000000e+00 7.00000000e+00 8.00000000e+0011111
 9.00000000e+00 1.00000000e+01 1.10000000e+01 4.00000000e+00 5.00000000e+0011111
 6.00000000e+00 7.00000000e+00 8.00000000e+00 9.00000000e+00 1.00000000e+0111111
 1.10000000e+01 1.20000000e+01 5.00000000e+00 6.00000000e+00 7.00000000e+0011111
 8.00000000e+00 9.00000000e+00 1.00000000e+01 1.10000000e+01 1.20000000e+0111111
 1.30000000e+01 6.00000000e+00 7.00000000e+00 8.00000000e+00 9.00000000e+0011111
 1.00000000e+01 1.10000000e+01 1.20000000e+01 1.30000000e+01 1.40000000e+0111111
 7.00000000e+00 8.00000000e+00 9.00000000e+00 1.00000000e+01 1.10000000e+0111111
 1.20000000e+01 1.30000000e+01 1.40000000e+01 1.50000000e+01 8.00000000e+0011111
 9.00000000e+00 1.00000000e+01 1.10000000e+01 1.20000000e+01 1.30000000e+0111111
 1.40000000e+01 1.50000000e+01 1.60000000e+01                              11111
